<?xml version="1.0" encoding="UTF-8" standalone="no" ?>
<SimscapeMultibodyImportXML version="2.0" xmlns="urn:mathworks:SimscapeMultibody:import" xmlns:xsi="http://www.w3.org/2001/XMLSchema-instance">
<Created by="" on="03/20/21||22:12:16" using="Simscape Multibody Link Version 6.1" from="SolidWorks 24.0.0"/>
<ModelUnits mass="kilogram" length="millimeter"/>
<DataUnits mass="kilogram" length="meter"/>
<RootAssembly name="Assembly_1903_withoutbelt" uid="Assembly_1903_withoutbelt" version="1046">
<AssemblyFile name="Assembly_1903_withoutbelt.SLDASM" type="SolidWorks Assembly"/>
<InstanceTree>
<Instance name="body-1" uid="body-1" grounded="true" entityUid="body*:*Default">
<Transform>
<Rotation>1 0 0 0 1 0 0 0 1</Rotation>
<Translation>0 0 0</Translation>
</Transform>
<VisualProperties>
<Ambient r="0.7803921568627451" g="0.76078431372549016" b="0.74117647058823533" a="1"/>
<Diffuse r="0.7803921568627451" g="0.76078431372549016" b="0.74117647058823533" a="1"/>
<Specular r="0.62431372549019615" g="0.60862745098039217" b="0.5929411764705883" a="1"/>
<Emissive r="0" g="0" b="0" a="1"/>
<Shininess>0.3125</Shininess>
</VisualProperties>
</Instance>
<Instance name="Roller_Top-1" uid="Roller_Top-1" entityUid="Roller_Top*:*Default">
<Transform>
<Rotation>0 -0.75864050331727984 -0.6515094678717297 1.2586155262078467e-16 -0.6515094678717297 0.75864050331727984 -1 0 1.0669920593256077e-16</Rotation>
<Translation>0 0 0</Translation>
</Transform>
<VisualProperties>
<Ambient r="0.53725490196078429" g="0.34901960784313724" b="0.33725490196078434" a="1"/>
<Diffuse r="0.53725490196078429" g="0.34901960784313724" b="0.33725490196078434" a="1"/>
<Specular r="0.37607843137254898" g="0.24431372549019606" b="0.23607843137254902" a="1"/>
<Emissive r="0" g="0" b="0" a="1"/>
<Shininess>0.3125</Shininess>
</VisualProperties>
</Instance>
<Instance name="rotor-1" uid="rotor-1" entityUid="rotor*:*Default">
<Transform>
<Rotation>0.8922563464201364 0.45152919315697609 6.960845145099272e-16 -0.45152919315697609 0.8922563464201364 2.9016944648286759e-16 -4.9006584966704799e-16 -5.7320800936728993e-16 1</Rotation>
<Translation>-0.1079946528091365 -0.16500000000000001 0.013228470177035854</Translation>
</Transform>
</Instance>
<Instance name="rotor-3" uid="rotor-3" entityUid="rotor*:*Default">
<Transform>
<Rotation>0.131180495176865 0.9913585010908782 2.1327739711389071e-15 -0.9913585010908782 0.131180495176865 -1.9338062099672113e-16 -4.7148786820566318e-16 -2.0889758415739462e-15 1</Rotation>
<Translation>0.092009999999999842 -0.16500000000000009 0.013228470177035854</Translation>
</Transform>
</Instance>
<Instance name="rotor-5" uid="rotor-5" entityUid="rotor*:*Default">
<Transform>
<Rotation>-9.5605939651915235e-16 1.3134813674763454e-15 -1 -0.84932358454896206 0.52787256864597765 1.5053545770117334e-15 0.52787256864597765 0.84932358454896206 6.1089317384459406e-16</Rotation>
<Translation>-0.021220796581604078 -0.16500000000000006 -0.09999999999999995</Translation>
</Transform>
</Instance>
<Instance name="Roller_Bottom-1" uid="Roller_Bottom-1" entityUid="Roller_Bottom*:*Default">
<Transform>
<Rotation>0 0.95857372800748653 -0.28484453298918921 0 0.28484453298918921 0.95857372800748653 1 0 0</Rotation>
<Translation>-0.200000000000044 -0.11999999999999345 0.0049999999999999619</Translation>
</Transform>
<VisualProperties>
<Ambient r="0.31764705882352939" g="0.24705882352941178" b="0.20784313725490194" a="1"/>
<Diffuse r="0.31764705882352939" g="0.24705882352941178" b="0.20784313725490194" a="1"/>
<Specular r="0.1588235294117647" g="0.12352941176470589" b="0.10392156862745097" a="1"/>
<Emissive r="0" g="0" b="0" a="1"/>
<Shininess>0.3125</Shininess>
</VisualProperties>
</Instance>
<Instance name="rotor-4" uid="rotor-4" entityUid="rotor*:*Default">
<Transform>
<Rotation>-9.5605939651913598e-16 1.313481367476346e-15 -1 -0.72886192296940122 -0.68466071688490127 -2.0245380445141293e-16 -0.68466071688490127 0.72886192296940122 1.6119228670886258e-15</Rotation>
<Translation>-0.021220796581604081 -0.16500000000000001 0.099999999999999992</Translation>
</Transform>
</Instance>
<Instance name="Roller_Top-3" uid="Roller_Top-3" entityUid="Roller_Top*:*Default">
<Transform>
<Rotation>0 -0.52704124499318306 0.84983970610700232 0 0.84983970610700232 0.52704124499318306 -1 0 0</Rotation>
<Translation>0.035000000000000003 0 0</Translation>
</Transform>
<VisualProperties>
<Ambient r="0.53725490196078429" g="0.34901960784313724" b="0.33725490196078434" a="1"/>
<Diffuse r="0.53725490196078429" g="0.34901960784313724" b="0.33725490196078434" a="1"/>
<Specular r="0.37607843137254898" g="0.24431372549019606" b="0.23607843137254902" a="1"/>
<Emissive r="0" g="0" b="0" a="1"/>
<Shininess>0.3125</Shininess>
</VisualProperties>
</Instance>
</InstanceTree>
<Constraints>
<UnknownConstraint name="Lock1">
<ConstraintGeometry geomType="Unknown">
<InstancePath>
<Uid>body-1</Uid>
</InstancePath>
</ConstraintGeometry>
<ConstraintGeometry geomType="Unknown">
<InstancePath>
<Uid>Assembly_1903_withoutbelt</Uid>
</InstancePath>
</ConstraintGeometry>
</UnknownConstraint>
<Coincident name="Coincident1">
<ConstraintGeometry geomType="line">
<InstancePath>
<Uid>body-1</Uid>
</InstancePath>
<Position>0 0 0.12000000000000002</Position>
<Axis>0 0 1</Axis>
</ConstraintGeometry>
<ConstraintGeometry geomType="line">
<InstancePath>
<Uid>Roller_Top-1</Uid>
</InstancePath>
<Position>-0.089999999999999997 0 0</Position>
<Axis>1 0 0</Axis>
</ConstraintGeometry>
</Coincident>
<Coincident name="Coincident6">
<ConstraintGeometry geomType="circle">
<InstancePath>
<Uid>body-1</Uid>
</InstancePath>
<Position>0 0 -0.13</Position>
<Axis>0 0 1</Axis>
</ConstraintGeometry>
<ConstraintGeometry geomType="circle">
<InstancePath>
<Uid>Roller_Top-1</Uid>
</InstancePath>
<Position>0.13 0 0</Position>
<Axis>1 0 0</Axis>
</ConstraintGeometry>
</Coincident>
<Coincident name="Coincident9">
<ConstraintGeometry geomType="line">
<InstancePath>
<Uid>body-1</Uid>
</InstancePath>
<Position>-0.20000000000004362 -0.11999999999999329 0.10500000000000002</Position>
<Axis>0 0 1</Axis>
</ConstraintGeometry>
<ConstraintGeometry geomType="line">
<InstancePath>
<Uid>Roller_Bottom-1</Uid>
</InstancePath>
<Position>0.090000000000000011 0 0</Position>
<Axis>-1 0 0</Axis>
</ConstraintGeometry>
</Coincident>
<Coincident name="Coincident10">
<ConstraintGeometry geomType="circle">
<InstancePath>
<Uid>body-1</Uid>
</InstancePath>
<Position>-0.20000000000004362 -0.11999999999999329 0.115</Position>
<Axis>0 0 1</Axis>
</ConstraintGeometry>
<ConstraintGeometry geomType="circle">
<InstancePath>
<Uid>Roller_Bottom-1</Uid>
</InstancePath>
<Position>0.11 0 0</Position>
<Axis>-1 0 0</Axis>
</ConstraintGeometry>
</Coincident>
<Coincident name="Coincident11">
<ConstraintGeometry geomType="line">
<InstancePath>
<Uid>body-1</Uid>
</InstancePath>
<Position>0.035000000000000003 0 0.12000000000000002</Position>
<Axis>0 0 1</Axis>
</ConstraintGeometry>
<ConstraintGeometry geomType="line">
<InstancePath>
<Uid>Roller_Top-3</Uid>
</InstancePath>
<Position>-0.089999999999999997 0 0</Position>
<Axis>1 0 0</Axis>
</ConstraintGeometry>
</Coincident>
<Coincident name="Coincident12">
<ConstraintGeometry geomType="circle">
<InstancePath>
<Uid>body-1</Uid>
</InstancePath>
<Position>0.035000000000000003 0 -0.13</Position>
<Axis>0 0 1</Axis>
</ConstraintGeometry>
<ConstraintGeometry geomType="circle">
<InstancePath>
<Uid>Roller_Top-3</Uid>
</InstancePath>
<Position>0.13 0 0</Position>
<Axis>1 0 0</Axis>
</ConstraintGeometry>
</Coincident>
<Coincident name="Coincident13">
<ConstraintGeometry geomType="line">
<InstancePath>
<Uid>body-1</Uid>
</InstancePath>
<Position>-0.10799465280913645 -0.16500000000000004 0.01</Position>
<Axis>0 0 -1</Axis>
</ConstraintGeometry>
<ConstraintGeometry geomType="line">
<InstancePath>
<Uid>rotor-1</Uid>
</InstancePath>
<Position>0 0 -0.024997749999999958</Position>
<Axis>9.560593965191348e-16 -1.3134813674763471e-15 1</Axis>
</ConstraintGeometry>
</Coincident>
<Coincident name="Coincident14">
<ConstraintGeometry geomType="plane">
<InstancePath>
<Uid>body-1</Uid>
</InstancePath>
<Position>-0.10799465280913645 -0.16500000000000004 0.01</Position>
<Axis>0 0 1</Axis>
</ConstraintGeometry>
<ConstraintGeometry geomType="plane">
<InstancePath>
<Uid>rotor-1</Uid>
</InstancePath>
<Position>0.0012305796107637997 0.0058732096339714213 -0.0032284701770358432</Position>
<Axis>9.560593965191348e-16 -1.3134813674763471e-15 1</Axis>
</ConstraintGeometry>
</Coincident>
<Coincident name="Coincident15">
<ConstraintGeometry geomType="line">
<InstancePath>
<Uid>body-1</Uid>
</InstancePath>
<Position>-0.017992326404568236 -0.16500000000000004 0.10000000000000001</Position>
<Axis>1 0 0</Axis>
</ConstraintGeometry>
<ConstraintGeometry geomType="line">
<InstancePath>
<Uid>rotor-4</Uid>
</InstancePath>
<Position>0 0 -0.024997749999999958</Position>
<Axis>9.5605939651913598e-16 -1.3134813674763463e-15 1</Axis>
</ConstraintGeometry>
</Coincident>
<Coincident name="Coincident16">
<ConstraintGeometry geomType="plane">
<InstancePath>
<Uid>body-1</Uid>
</InstancePath>
<Position>-0.017992326404568236 -0.16500000000000004 0.10000000000000001</Position>
<Axis>-1 0 0</Axis>
</ConstraintGeometry>
<ConstraintGeometry geomType="plane">
<InstancePath>
<Uid>rotor-4</Uid>
</InstancePath>
<Position>0.0012305796107637962 0.005873209633971449 -0.0032284701770358415</Position>
<Axis>9.5605939651913598e-16 -1.3134813674763463e-15 1</Axis>
</ConstraintGeometry>
</Coincident>
<Coincident name="Coincident17">
<ConstraintGeometry geomType="line">
<InstancePath>
<Uid>body-1</Uid>
</InstancePath>
<Position>0.092009999999999981 -0.16500000000000004 0.01</Position>
<Axis>0 0 -1</Axis>
</ConstraintGeometry>
<ConstraintGeometry geomType="line">
<InstancePath>
<Uid>rotor-3</Uid>
</InstancePath>
<Position>0 0 -0.024997749999999958</Position>
<Axis>9.5605939651913618e-16 -1.3134813674763456e-15 1</Axis>
</ConstraintGeometry>
</Coincident>
<Coincident name="Coincident18">
<ConstraintGeometry geomType="plane">
<InstancePath>
<Uid>body-1</Uid>
</InstancePath>
<Position>0.092009999999999981 -0.16500000000000004 0.01</Position>
<Axis>0 0 1</Axis>
</ConstraintGeometry>
<ConstraintGeometry geomType="plane">
<InstancePath>
<Uid>rotor-3</Uid>
</InstancePath>
<Position>0.0012305796107637823 0.0058732096339714351 -0.0032284701770358432</Position>
<Axis>9.5605939651913618e-16 -1.3134813674763456e-15 1</Axis>
</ConstraintGeometry>
</Coincident>
<Coincident name="Coincident19">
<ConstraintGeometry geomType="line">
<InstancePath>
<Uid>body-1</Uid>
</InstancePath>
<Position>-0.017992326404568236 -0.16500000000000004 -0.10000000000000001</Position>
<Axis>1 0 0</Axis>
</ConstraintGeometry>
<ConstraintGeometry geomType="line">
<InstancePath>
<Uid>rotor-5</Uid>
</InstancePath>
<Position>0 0 -0.024997749999999954</Position>
<Axis>9.5605939651913618e-16 -1.3134813674763465e-15 1</Axis>
</ConstraintGeometry>
</Coincident>
<Coincident name="Coincident20">
<ConstraintGeometry geomType="plane">
<InstancePath>
<Uid>body-1</Uid>
</InstancePath>
<Position>-0.017992326404568236 -0.16500000000000004 -0.10000000000000001</Position>
<Axis>-1 0 0</Axis>
</ConstraintGeometry>
<ConstraintGeometry geomType="plane">
<InstancePath>
<Uid>rotor-5</Uid>
</InstancePath>
<Position>0.0012305796107637823 0.0058732096339714213 -0.0032284701770358415</Position>
<Axis>9.5605939651913618e-16 -1.3134813674763465e-15 1</Axis>
</ConstraintGeometry>
</Coincident>
</Constraints>
</RootAssembly>
<Assemblies>
</Assemblies>
<Parts>
<Part name="Roller_Bottom" uid="Roller_Bottom*:*Default" version="119">
<ModelUnits mass="kilogram" length="millimeter"/>
<PartFile name="Roller_Bottom.SLDPRT" type="SolidWorks Part"/>
<MassProperties>
<Mass>0.068671876992237854</Mass>
<CenterOfMass>0 2.7148679612528435e-07 2.4021432350741434e-06</CenterOfMass>
<Inertia>3.2977021496337342e-06 0.0002137219847007606 0.0002137210241382472 -1.0922020447017631e-10 0 0</Inertia>
</MassProperties>
<GeometryFile name="Roller_Bottom_Default_sldprt.STEP" type="STEP"/>
<VisualProperties>
<Ambient r="0.79607843137254897" g="0.82352941176470584" b="0.93725490196078431" a="1"/>
<Diffuse r="0.79607843137254897" g="0.82352941176470584" b="0.93725490196078431" a="1"/>
<Specular r="0.39803921568627448" g="0.41176470588235292" b="0.46862745098039216" a="1"/>
<Emissive r="0" g="0" b="0" a="1"/>
<Shininess>0.40000000596046448</Shininess>
</VisualProperties>
</Part>
<Part name="Roller_Top" uid="Roller_Top*:*Default" version="143">
<ModelUnits mass="kilogram" length="millimeter"/>
<PartFile name="Roller_Top.SLDPRT" type="SolidWorks Part"/>
<MassProperties>
<Mass>0.16054773872726619</Mass>
<CenterOfMass>0 4.3926578000237961e-07 3.3795973548857785e-06</CenterOfMass>
<Inertia>1.6812555898713727e-05 0.00057728655509476767 0.0005772821393147657 -5.7975538179417446e-10 0 0</Inertia>
</MassProperties>
<GeometryFile name="Roller_Top_Default_sldprt.STEP" type="STEP"/>
<VisualProperties>
<Ambient r="0.79607843137254897" g="0.82352941176470584" b="0.93725490196078431" a="1"/>
<Diffuse r="0.79607843137254897" g="0.82352941176470584" b="0.93725490196078431" a="1"/>
<Specular r="0.39803921568627448" g="0.41176470588235292" b="0.46862745098039216" a="1"/>
<Emissive r="0" g="0" b="0" a="1"/>
<Shininess>0.40000000596046448</Shininess>
</VisualProperties>
</Part>
<Part name="body" uid="body*:*Default" version="1127">
<ModelUnits mass="kilogram" length="millimeter"/>
<PartFile name="body.SLDPRT" type="SolidWorks Part"/>
<MassProperties>
<Mass>1.81030468322059</Mass>
<CenterOfMass>0.011123116640369595 -0.096390211105139609 0</CenterOfMass>
<Inertia>0.016495358217002039 0.027762752939865343 0.017023394692000218 0 0 -0.0014911314092124</Inertia>
</MassProperties>
<GeometryFile name="body_Default_sldprt.STEP" type="STEP"/>
<VisualProperties>
<Ambient r="0.79607843137254897" g="0.82352941176470584" b="0.93725490196078431" a="1"/>
<Diffuse r="0.79607843137254897" g="0.82352941176470584" b="0.93725490196078431" a="1"/>
<Specular r="0.39803921568627448" g="0.41176470588235292" b="0.46862745098039216" a="1"/>
<Emissive r="0" g="0" b="0" a="1"/>
<Shininess>0.40000000596046448</Shininess>
</VisualProperties>
</Part>
<Part name="rotor" uid="rotor*:*Default" version="200">
<ModelUnits mass="kilogram" length="meter"/>
<PartFile name="rotor.SLDPRT" type="SolidWorks Part"/>
<MassProperties>
<Mass>0.00030070332263788796</Mass>
<CenterOfMass>1.587327367504388e-08 -2.015376166743084e-08 -0.0067627802143061929</CenterOfMass>
<Inertia>8.2261138664217448e-09 8.2221530428596073e-09 1.2653914579135808e-08 -7.234539215390791e-15 5.0858002201572506e-15 1.4079844292111639e-12</Inertia>
</MassProperties>
<GeometryFile name="rotor_Default_sldprt.STEP" type="STEP"/>
<VisualProperties>
<Ambient r="1" g="1" b="1" a="0.84999999999999998"/>
<Diffuse r="1" g="1" b="1" a="0.84999999999999998"/>
<Specular r="0.5" g="0.5" b="0.5" a="0.84999999999999998"/>
<Emissive r="0.29999999999999999" g="0.29999999999999999" b="0.29999999999999999" a="0.84999999999999998"/>
<Shininess>0.20000000298023224</Shininess>
</VisualProperties>
</Part>
</Parts>
</SimscapeMultibodyImportXML>
